0,407
0,406
0,405
0,404
0,403
0,402
0,401
0,400
0,399
0,398
0,397
0,396
0,395
89,4
89,3
89,2
0,394
89,1
89,0
0,393
0,392
0,391
0,390
0,389
0,388
0,387
0,386
0,385
0,384
0,383
0,382
88,4
88,3
88,2
88,1
88,0
0,381
0,380
0,379
0,378
87,4
87,3
87,2
87,1
87,0
0,377
86,4
86,3
86,2
86,1
86,0
0,376
0,375
0,374
0,273
0,270
85,4
85,3
85,2
85,1
85,0
0,373
0,372
0,371
84,4
84,3
84,2
84,1
84,0
0,370
0,369
0,368
0,367
83,4
83,3
83,2
83,1
83,0
0,366
0,365
0,364
0,363
0,362
0,361
0,360
82,4
82,3
82,2
0,359
82,1
82,0
0,358
0,357
0,356
0,355
0,354
0,353
0,352
81,5
81,4
81,3
81,2
0,351
81,1
81,0
0,350
0,349
0,348
0,347
0,346
0,345
0,344
80,5
80,4
80,3
